Name: olcm_8MVs_10000

//Variables: name of variable followed by names of states

c1: 0 1 2 
c2: 0 1 
mv1: 0 1 
mv2: 0 1 
mv3: 0 1 
mv4: 0 1 
mv5: 0 1 
mv6: 0 1 
mv7: 0 1 
mv8: 0 1 

//Records: Numbers in the last column are frequencies.

0 1 1 0 1 0 0 0 1 0   39.0
2 1 0 1 1 0 0 1 0 0   7.0
2 1 0 1 0 1 0 0 1 0   9.0
0 1 0 0 1 0 0 1 0 0   35.0
1 1 0 1 0 1 0 0 0 0   10.0
1 1 0 1 0 1 0 0 1 1   8.0
0 1 1 0 0 0 0 1 1 0   22.0
1 1 1 1 0 0 0 1 0 1   10.0
2 1 0 1 0 1 1 1 1 1   28.0
2 1 0 1 0 1 1 0 1 1   8.0
0 1 0 1 0 1 0 0 0 1   2.0
0 1 1 0 0 1 0 0 1 0   2.0
1 1 0 0 1 0 0 1 1 1   8.0
2 1 0 0 0 1 1 0 0 1   7.0
0 1 0 1 0 1 0 0 0 0   3.0
0 1 0 0 1 0 0 0 1 1   55.0
0 1 1 0 0 0 1 0 0 0   14.0
0 1 1 1 1 0 0 1 0 1   52.0
1 1 0 0 1 1 0 1 0 1   49.0
1 1 1 1 0 1 0 1 0 0   16.0
1 1 1 1 0 1 1 1 1 1   37.0
0 1 1 0 0 0 1 1 0 1   13.0
1 1 1 0 0 0 1 1 1 0   4.0
2 1 0 1 0 1 0 0 0 1   7.0
0 1 0 1 1 1 0 0 0 1   3.0
2 1 0 0 0 1 1 1 0 0   15.0
0 1 1 0 0 0 0 0 0 1   35.0
1 1 1 1 1 1 1 1 0 0   60.0
0 1 0 0 1 0 1 0 0 1   19.0
0 1 0 1 1 0 1 1 0 0   15.0
0 1 1 0 0 0 0 0 1 0   28.0
0 1 1 1 0 0 0 0 0 0   33.0
1 1 0 0 1 0 1 0 0 1   4.0
0 1 1 1 0 0 0 0 1 1   34.0
1 1 1 0 1 1 1 1 0 1   49.0
2 1 1 0 0 1 1 1 0 1   29.0
2 1 1 1 0 1 1 1 1 0   27.0
2 1 0 1 0 1 0 1 1 1   20.0
1 1 0 1 1 0 0 1 1 0   11.0
0 1 1 0 1 0 0 0 0 1   40.0
2 1 1 1 0 0 1 0 0 0   16.0
0 1 1 1 1 0 0 0 0 1   62.0
1 1 0 1 1 1 0 1 1 1   52.0
1 1 1 1 1 0 0 1 1 0   11.0
1 1 1 1 1 1 1 1 0 1   66.0
2 1 0 1 0 1 1 1 1 0   18.0
0 1 1 0 1 1 0 1 1 1   7.0
0 1 1 0 0 0 0 0 1 1   36.0
0 1 0 0 1 0 0 0 0 1   51.0
1 1 0 1 1 0 1 1 0 0   11.0
0 1 1 1 1 0 1 0 0 1   31.0
0 1 1 0 1 0 0 1 1 0   48.0
2 1 0 0 1 1 0 1 0 1   7.0
1 1 1 1 0 0 0 1 1 0   8.0
2 1 0 1 1 0 0 1 0 1   6.0
0 0 1 0 0 1 1 1 0 0   1.0
0 1 1 1 1 1 0 0 0 1   8.0
0 1 0 1 1 0 0 0 1 0   42.0
1 1 1 1 0 1 0 0 1 0   3.0
0 0 1 1 1 0 1 1 0 1   9.0
1 1 1 1 1 0 1 1 0 0   20.0
0 1 0 0 1 0 1 1 0 1   24.0
0 0 1 1 0 1 1 0 1 1   1.0
1 1 0 0 1 1 1 1 1 0   42.0
0 1 0 1 1 0 0 0 0 0   36.0
0 1 0 1 1 0 0 0 1 1   44.0
1 1 1 1 0 1 0 1 0 1   35.0
2 0 0 1 1 1 1 1 1 1   2.0
0 1 0 1 1 0 1 0 1 1   34.0
0 1 1 1 0 0 0 1 0 0   28.0
2 1 1 1 1 1 0 0 1 0   10.0
0 1 1 0 0 0 0 1 1 1   27.0
2 1 0 1 1 1 0 0 0 0   5.0
1 1 0 1 0 1 1 1 0 1   41.0
0 1 0 1 0 0 0 1 1 1   28.0
1 1 0 1 1 1 0 1 0 1   58.0
1 1 0 0 1 1 0 1 1 1   37.0
1 1 0 0 0 1 0 1 1 0   14.0
0 1 1 0 1 0 1 0 0 1   22.0
0 1 0 1 0 0 1 0 0 0   10.0
2 1 0 1 0 1 0 1 0 1   18.0
2 1 0 0 0 1 1 1 1 1   15.0
1 1 0 0 0 1 1 1 1 1   16.0
0 1 0 1 1 0 0 1 1 1   52.0
1 1 1 1 0 1 0 1 1 0   25.0
1 1 1 1 1 1 0 1 0 1   63.0
0 1 1 0 1 0 1 0 1 1   29.0
0 1 0 0 1 0 0 1 1 1   40.0
0 1 1 0 0 0 0 1 0 0   23.0
0 1 1 1 0 0 1 0 0 0   17.0
1 1 1 0 0 1 1 0 1 1   8.0
2 1 1 1 0 1 1 1 0 0   31.0
2 1 0 1 1 0 1 1 1 0   7.0
0 0 1 1 0 0 1 1 0 1   7.0
1 1 0 0 1 0 0 0 0 1   2.0
0 1 1 1 1 0 0 1 0 0   44.0
2 1 0 0 0 1 1 1 1 0   13.0
0 1 0 1 1 0 0 1 0 1   47.0
0 1 0 0 1 0 1 1 1 1   16.0
2 1 0 0 0 0 0 1 0 1   8.0
1 1 1 1 1 1 1 1 1 0   52.0
0 1 1 1 0 0 0 1 1 1   21.0
2 1 0 0 0 1 0 1 1 1   10.0
0 1 0 0 0 0 1 0 1 1   13.0
0 1 0 0 1 0 0 1 0 1   36.0
2 1 0 0 0 0 0 0 1 0   2.0
0 1 1 0 1 0 0 0 1 1   59.0
0 1 0 1 0 0 0 0 1 1   42.0
1 1 0 1 1 1 1 1 0 1   54.0
2 1 1 1 1 0 1 1 1 0   12.0
2 1 1 1 1 0 0 1 0 0   4.0
1 1 0 0 1 1 1 1 0 1   69.0
0 1 0 1 0 0 0 1 0 1   31.0
1 1 0 1 1 1 1 1 1 1   65.0
0 1 1 0 0 0 0 1 0 1   21.0
1 1 1 1 1 0 1 1 1 0   16.0
2 1 0 1 1 0 1 0 1 1   8.0
0 1 1 1 0 0 1 1 0 1   10.0
1 1 1 1 1 0 1 1 0 1   15.0
1 1 1 0 1 1 1 0 0 0   9.0
1 1 1 0 1 0 0 1 1 1   11.0
0 1 1 1 0 0 1 0 0 1   18.0
0 1 0 0 0 0 0 0 1 1   20.0
1 0 0 1 1 1 0 0 0 1   3.0
1 1 0 1 0 1 0 1 0 1   28.0
0 1 0 0 1 0 1 1 1 0   19.0
1 1 0 0 1 1 1 1 1 1   59.0
0 1 0 0 1 0 0 1 1 0   29.0
1 1 1 1 0 1 1 0 1 0   6.0
2 1 1 1 0 0 1 1 1 0   27.0
2 1 0 1 0 1 1 1 0 0   22.0
0 1 1 1 0 0 0 0 1 0   33.0
1 1 1 1 1 1 0 0 0 0   16.0
0 1 0 1 0 0 0 1 0 0   24.0
1 1 0 0 1 1 0 1 1 0   41.0
2 1 0 0 1 1 1 1 0 0   5.0
0 1 0 0 0 0 0 1 1 0   15.0
0 1 0 1 0 1 0 1 1 1   3.0
0 1 1 1 1 1 1 0 0 0   3.0
0 1 1 1 1 0 0 1 1 0   38.0
0 1 1 1 1 0 1 0 1 1   26.0
0 1 1 1 1 0 0 0 1 1   64.0
0 1 1 0 0 0 1 0 1 1   15.0
0 1 1 1 1 0 1 1 0 1   21.0
0 1 0 1 1 0 0 0 0 1   50.0
1 1 1 0 1 1 1 1 0 0   37.0
0 1 1 0 1 1 1 1 1 1   1.0
0 1 1 0 1 0 0 0 0 0   51.0
2 1 1 1 0 1 1 1 1 1   39.0
1 1 0 0 1 1 1 0 0 1   16.0
1 1 0 1 1 1 0 1 1 0   54.0
1 1 0 1 1 1 1 1 1 0   45.0
2 0 0 1 0 0 0 1 1 1   3.0
1 1 1 0 0 1 0 1 1 1   26.0
0 1 0 1 1 0 1 1 1 0   22.0
2 1 1 0 0 1 1 1 1 1   23.0
1 1 1 1 0 1 1 0 0 0   10.0
1 1 1 0 1 1 0 1 1 0   26.0
1 1 0 0 1 0 1 1 1 1   14.0
1 1 1 1 1 1 0 0 0 1   14.0
2 1 0 1 0 1 0 1 1 0   11.0
0 1 1 0 1 0 0 1 0 0   32.0
0 1 0 1 1 0 1 0 0 1   20.0
1 0 1 1 1 1 1 1 1 1   5.0
2 1 1 1 0 0 1 0 0 1   19.0
1 1 0 1 1 1 0 1 0 0   51.0
0 0 0 0 1 0 1 1 0 1   4.0
1 1 0 0 1 1 1 1 0 0   40.0
2 1 1 1 0 0 1 1 0 1   36.0
2 1 1 0 0 1 1 1 0 0   13.0
2 1 1 1 0 0 1 1 1 1   32.0
2 1 0 0 1 1 1 1 1 0   8.0
0 1 0 0 0 0 1 0 0 0   13.0
0 1 0 0 0 1 0 0 1 0   7.0
0 1 0 1 1 0 1 0 1 0   27.0
2 1 1 1 1 1 1 1 0 1   11.0
2 1 1 1 0 0 1 1 0 0   27.0
2 1 1 0 1 1 0 1 1 0   8.0
0 1 1 1 1 0 1 0 0 0   19.0
0 1 0 0 0 0 1 1 1 0   12.0
2 1 0 0 0 0 0 0 1 1   4.0
0 1 0 1 0 0 0 0 0 1   31.0
2 1 1 1 0 1 0 0 0 1   9.0
1 1 1 0 1 1 0 1 1 1   46.0
1 1 1 1 1 1 0 1 0 0   59.0
0 1 0 1 1 0 0 1 1 0   30.0
0 1 0 0 0 0 1 0 0 1   14.0
1 0 0 1 1 1 0 0 1 0   1.0
0 1 1 1 1 0 0 1 1 1   47.0
1 1 1 0 1 1 0 1 0 1   64.0
2 1 1 1 0 0 0 0 1 1   8.0
1 1 1 0 1 1 1 0 1 1   19.0
1 1 1 0 0 1 1 0 1 0   12.0
0 1 0 1 0 0 1 0 1 0   10.0
2 1 0 1 0 1 1 0 0 0   9.0
1 1 1 1 1 1 0 1 1 1   50.0
2 1 1 0 0 0 1 0 1 0   3.0
2 1 0 1 0 1 1 0 0 1   13.0
0 1 0 1 0 0 1 1 0 1   18.0
1 1 1 0 0 1 0 1 0 0   17.0
1 1 0 1 0 1 0 1 0 0   22.0
0 1 0 0 1 0 0 0 1 0   46.0
1 1 0 1 0 1 1 1 1 0   25.0
2 0 0 1 0 1 1 1 1 1   2.0
1 1 0 0 0 1 0 0 1 0   3.0
1 1 0 1 0 1 0 0 0 1   8.0
2 1 0 0 0 0 1 1 0 0   10.0
2 1 1 1 0 1 1 0 0 0   10.0
1 1 1 1 0 0 1 1 0 1   5.0
2 1 0 0 0 0 0 1 1 1   5.0
1 1 1 0 0 1 1 1 0 1   15.0
0 1 1 1 0 0 1 1 0 0   10.0
0 1 1 1 0 0 0 0 0 1   48.0
0 1 1 1 0 1 1 0 0 1   3.0
1 0 0 0 1 1 1 1 0 1   2.0
1 1 0 0 1 0 1 1 0 1   12.0
2 1 0 0 0 0 0 0 0 0   4.0
1 1 0 1 1 1 1 1 0 0   55.0
1 0 0 1 1 1 0 1 0 1   9.0
2 0 0 1 0 1 0 1 1 1   1.0
0 1 0 1 0 1 1 0 1 1   3.0
1 1 1 0 1 1 0 0 1 1   17.0
1 1 1 1 1 0 0 1 1 1   7.0
0 1 1 0 1 0 0 1 0 1   52.0
1 1 1 1 0 1 1 1 0 0   27.0
1 1 1 1 1 1 0 0 1 1   14.0
2 1 1 0 0 0 1 1 1 0   9.0
1 1 1 1 0 1 1 1 1 0   26.0
1 1 0 1 1 1 1 0 0 1   31.0
1 1 0 0 0 0 1 1 1 0   4.0
0 1 0 0 0 0 1 1 0 0   17.0
0 1 1 0 1 0 1 1 0 0   17.0
1 1 0 0 1 1 0 0 0 1   14.0
1 0 1 1 1 0 0 0 1 1   1.0
0 1 1 1 1 0 0 0 0 0   38.0
1 1 0 0 0 0 0 1 1 1   5.0
1 1 1 1 0 1 1 0 1 1   7.0
1 0 0 0 1 1 0 0 0 0   1.0
1 0 1 0 0 1 1 1 1 0   1.0
2 1 0 1 0 0 0 1 0 0   10.0
2 1 0 1 0 0 0 1 1 0   17.0
1 0 0 1 0 1 0 1 0 0   2.0
0 1 1 1 0 0 1 1 1 0   18.0
1 0 0 0 1 1 0 0 1 0   1.0
1 1 0 0 1 1 0 0 1 1   12.0
1 1 1 0 1 1 1 0 0 1   11.0
1 1 1 0 0 1 1 1 1 0   16.0
1 1 0 1 0 0 1 0 0 1   1.0
1 1 1 1 0 1 1 1 0 1   30.0
0 1 1 0 0 0 0 0 0 0   31.0
1 1 0 1 1 0 0 1 0 1   9.0
2 1 1 1 0 0 0 0 0 1   6.0
2 1 0 1 1 0 1 0 1 0   2.0
2 1 0 1 0 1 1 1 0 1   22.0
2 1 1 1 0 0 0 0 1 0   10.0
1 1 1 0 1 0 1 1 0 0   9.0
0 1 0 1 0 0 1 1 1 1   15.0
2 1 0 1 0 0 1 1 0 0   15.0
1 1 1 0 1 0 0 1 1 0   6.0
1 0 0 0 1 1 1 0 0 0   1.0
2 1 0 1 1 1 0 1 0 1   9.0
2 1 0 1 0 0 1 1 0 1   28.0
1 1 0 0 1 1 0 1 0 0   30.0
0 0 1 1 1 0 0 0 0 1   2.0
0 0 1 0 0 1 0 1 0 1   1.0
1 1 1 1 1 1 0 0 1 0   18.0
0 1 0 0 0 1 1 1 0 0   3.0
1 1 0 1 0 1 1 0 1 1   13.0
2 1 0 1 1 0 1 0 0 1   7.0
1 1 0 0 1 0 0 0 1 1   5.0
1 1 1 0 1 1 0 0 0 1   13.0
2 1 0 1 1 0 1 1 0 1   8.0
1 1 1 1 0 1 0 1 1 1   32.0
2 1 0 0 0 0 1 1 0 1   16.0
1 1 1 0 1 1 1 1 1 1   61.0
0 1 1 1 1 0 1 1 0 0   20.0
0 1 0 1 1 1 1 0 1 1   4.0
1 1 1 1 1 1 1 1 1 1   80.0
1 1 1 0 0 1 0 1 1 0   8.0
1 1 1 1 0 1 1 0 0 1   7.0
1 1 0 1 0 1 1 1 0 0   17.0
0 1 0 0 0 0 0 1 0 1   26.0
0 1 0 0 1 0 0 0 0 0   36.0
0 1 0 0 1 0 1 0 1 0   20.0
0 1 1 1 1 0 0 0 1 0   50.0
2 1 0 1 1 1 0 0 1 1   3.0
2 1 0 0 0 0 1 0 0 1   7.0
2 1 1 0 0 1 0 1 0 1   13.0
2 1 1 0 0 0 1 0 0 0   4.0
2 1 1 1 0 0 0 1 0 1   18.0
0 1 1 0 1 0 0 1 1 1   40.0
0 1 0 0 1 0 1 0 0 0   31.0
2 1 0 1 1 0 0 0 1 0   2.0
2 1 0 0 1 0 1 0 0 1   2.0
1 1 1 0 1 0 1 1 1 1   4.0
2 1 0 1 1 1 1 0 0 1   6.0
1 1 0 0 0 0 0 0 0 1   3.0
2 1 0 0 0 0 1 0 1 0   5.0
2 1 1 0 0 0 0 0 1 1   3.0
1 1 1 0 1 1 1 1 1 0   35.0
2 1 1 0 0 1 0 1 1 0   16.0
2 1 1 0 1 1 1 1 1 0   9.0
2 1 1 1 1 0 1 0 0 0   5.0
2 1 0 1 0 1 0 1 0 0   10.0
2 1 0 1 1 0 1 1 0 0   14.0
2 1 1 0 0 1 1 0 1 1   6.0
2 1 1 0 0 1 1 0 0 1   12.0
1 1 0 0 0 1 0 0 0 0   6.0
0 1 1 0 0 1 1 1 1 0   2.0
1 1 0 0 0 1 0 0 0 1   4.0
0 0 1 0 0 0 0 1 1 1   1.0
2 1 0 0 1 1 0 1 1 0   5.0
2 1 1 1 1 1 0 0 1 1   6.0
1 1 0 0 1 0 0 1 0 0   9.0
2 1 0 0 1 1 1 1 1 1   10.0
0 1 1 0 0 0 1 0 1 0   13.0
1 1 0 0 0 1 1 1 0 1   19.0
0 1 0 1 0 0 1 0 0 1   17.0
1 1 0 0 0 1 0 1 1 1   25.0
2 1 0 1 0 1 0 0 1 1   6.0
2 1 0 1 0 0 0 1 1 1   10.0
2 1 0 0 0 0 0 1 0 0   7.0
0 1 1 1 0 0 0 1 0 1   32.0
2 1 1 0 0 0 1 1 1 1   18.0
1 0 1 1 1 1 0 0 1 0   2.0
0 1 1 0 0 0 1 0 0 1   29.0
2 1 1 1 1 0 0 1 0 1   10.0
0 1 1 0 1 1 0 1 0 0   1.0
2 1 1 0 1 0 1 1 1 0   8.0
0 0 1 0 1 0 1 0 0 1   1.0
2 1 0 1 1 0 0 0 0 0   1.0
1 1 1 0 1 1 0 1 0 0   39.0
2 1 1 1 1 0 1 1 0 1   13.0
0 1 0 0 1 1 1 1 0 0   1.0
0 1 0 0 0 0 0 1 1 1   27.0
2 1 1 1 0 1 0 0 1 0   10.0
1 1 1 1 1 1 1 0 0 1   19.0
0 1 0 0 0 0 0 0 0 1   27.0
2 1 1 1 0 0 0 1 1 0   15.0
0 0 0 1 0 0 1 1 0 1   3.0
0 1 0 1 0 0 1 0 1 1   20.0
2 1 1 1 0 0 0 1 1 1   15.0
0 1 1 1 1 1 0 0 0 0   3.0
1 1 1 1 1 0 1 1 1 1   13.0
0 1 0 1 0 1 1 0 0 0   1.0
2 1 1 0 0 0 1 1 0 1   16.0
2 0 1 1 0 1 1 1 0 1   4.0
0 1 0 1 1 0 1 1 0 1   16.0
0 1 1 0 1 1 0 1 1 0   6.0
1 0 1 1 0 0 1 1 0 1   1.0
2 1 0 1 1 1 1 1 0 0   9.0
0 1 1 0 1 0 1 1 1 0   16.0
1 1 1 0 0 1 1 1 1 1   20.0
1 1 0 1 1 1 0 0 1 1   18.0
1 0 1 0 1 0 0 1 0 1   1.0
1 1 1 0 0 0 0 1 1 1   7.0
0 1 1 1 1 0 1 0 1 0   19.0
0 1 1 0 1 0 1 1 1 1   22.0
2 1 0 1 1 1 1 1 1 1   7.0
0 1 1 0 0 1 0 1 1 0   4.0
2 1 0 0 1 1 0 1 1 1   5.0
2 1 1 1 1 1 0 1 0 1   10.0
2 1 0 1 1 0 0 0 1 1   2.0
0 1 0 1 0 0 0 1 1 0   23.0
2 1 1 0 1 1 0 0 0 1   1.0
2 1 0 0 0 1 1 0 1 1   6.0
0 1 0 0 1 0 1 0 1 1   28.0
0 0 1 0 1 0 1 1 0 0   5.0
0 1 1 0 1 1 0 0 1 0   6.0
0 0 0 1 0 0 0 0 1 0   1.0
0 1 1 0 1 1 0 0 0 1   9.0
2 1 1 0 0 1 0 1 0 0   13.0
0 1 1 0 0 0 1 1 1 1   18.0
2 1 1 1 1 1 0 1 1 1   10.0
2 0 1 0 1 0 0 1 1 1   1.0
0 1 0 0 1 1 0 0 0 1   8.0
1 1 1 0 1 1 0 0 1 0   16.0
2 1 1 0 0 0 0 0 0 0   2.0
1 1 0 1 1 0 1 1 1 1   16.0
0 1 0 1 1 0 0 1 0 0   21.0
0 0 1 1 0 0 1 0 0 1   2.0
0 1 0 0 1 1 0 1 1 1   5.0
0 1 1 1 0 0 1 1 1 1   18.0
1 1 0 1 0 1 0 1 1 1   26.0
1 1 0 1 0 1 1 1 1 1   40.0
0 1 0 1 0 1 1 1 0 1   1.0
0 1 0 1 0 1 0 0 1 0   4.0
2 0 0 0 1 0 1 1 1 1   2.0
1 0 1 1 1 0 0 0 1 0   1.0
2 1 0 0 0 0 0 1 1 0   6.0
2 1 0 0 1 0 0 0 0 1   2.0
0 1 0 1 0 0 0 0 1 0   31.0
2 1 0 0 0 1 1 1 0 1   14.0
2 1 1 1 1 1 1 0 1 0   7.0
2 1 1 1 1 1 1 1 1 1   22.0
1 1 0 0 0 0 0 0 0 0   1.0
2 1 1 0 0 1 1 0 1 0   4.0
1 1 0 1 1 1 1 0 1 0   12.0
2 1 0 1 1 1 1 1 1 0   16.0
2 1 1 1 0 1 1 0 1 0   10.0
2 1 0 1 1 1 0 1 1 0   7.0
1 1 1 0 1 0 0 0 0 0   4.0
2 1 1 0 0 0 0 1 1 1   10.0
1 1 1 0 1 0 0 1 0 1   7.0
0 1 0 0 1 1 1 0 0 0   1.0
1 1 0 1 0 1 0 0 1 0   5.0
2 1 0 1 1 0 1 1 1 1   13.0
1 1 1 1 0 1 0 0 1 1   8.0
1 1 0 0 1 1 1 0 1 0   6.0
2 1 0 0 0 0 0 0 0 1   2.0
2 1 1 1 0 1 1 0 0 1   8.0
2 1 1 0 1 1 1 1 1 1   9.0
2 1 1 0 0 0 1 0 1 1   6.0
0 1 0 1 0 0 1 1 1 0   12.0
2 1 1 1 0 1 0 0 1 1   7.0
2 1 0 0 1 1 0 1 0 0   3.0
0 1 0 0 0 0 0 0 1 0   24.0
1 1 0 0 1 0 1 1 0 0   10.0
0 1 0 0 1 1 1 0 1 1   2.0
2 1 0 0 1 1 1 1 0 1   12.0
0 1 1 0 0 1 0 1 0 1   2.0
2 1 1 0 1 1 1 1 0 0   16.0
0 1 0 0 0 0 0 1 0 0   24.0
2 1 1 1 1 0 1 0 1 1   6.0
1 0 1 1 1 1 0 0 0 0   2.0
0 1 0 1 0 1 1 0 1 0   4.0
2 1 0 0 1 0 0 1 0 0   4.0
0 1 0 1 0 0 0 0 0 0   25.0
1 1 0 1 0 0 0 1 1 0   3.0
0 1 1 0 0 0 1 1 1 0   9.0
1 1 0 0 0 0 0 1 0 1   3.0
1 1 0 1 1 1 1 0 0 0   12.0
0 1 0 1 1 1 0 0 0 0   4.0
1 1 1 1 1 1 1 0 0 0   23.0
1 1 1 0 0 0 1 1 0 1   4.0
0 1 0 1 1 1 0 1 0 1   4.0
2 0 0 1 1 1 1 1 0 1   2.0
1 1 0 1 1 0 1 1 1 0   8.0
2 1 1 1 1 0 1 1 1 1   15.0
2 1 0 1 1 1 0 1 1 1   4.0
2 1 0 1 1 1 1 0 0 0   4.0
2 1 0 0 1 0 1 0 0 0   6.0
0 1 0 0 0 0 0 0 0 0   26.0
1 1 0 0 0 1 0 1 0 1   23.0
1 1 1 1 1 1 1 0 1 1   18.0
1 1 1 0 0 0 1 1 0 0   2.0
2 1 1 0 0 1 0 0 1 1   7.0
2 0 1 1 0 1 1 1 1 1   2.0
2 1 0 0 1 0 1 1 1 0   10.0
1 1 0 1 1 0 1 1 0 1   9.0
1 1 0 1 0 1 0 1 1 0   18.0
2 1 0 0 1 0 0 1 0 1   3.0
2 1 1 1 0 1 0 1 0 1   19.0
1 1 1 0 0 0 0 1 1 0   1.0
1 1 0 0 1 1 1 0 0 0   9.0
2 1 0 0 0 0 1 0 1 1   8.0
2 1 0 0 0 1 0 0 1 1   1.0
2 1 1 1 0 0 0 1 0 0   11.0
0 1 1 0 1 0 1 0 0 0   21.0
0 1 1 0 1 1 1 0 0 1   3.0
0 1 1 0 1 1 1 1 0 1   2.0
0 1 1 1 1 1 1 1 0 1   2.0
2 1 1 1 0 1 0 0 0 0   9.0
0 1 0 1 0 1 0 0 1 1   6.0
2 1 1 0 0 1 1 0 0 0   10.0
2 1 1 0 1 1 1 1 0 1   12.0
2 1 1 0 1 0 1 0 0 0   4.0
1 1 0 0 0 1 1 1 0 0   13.0
0 1 1 1 1 1 1 0 1 0   5.0
2 1 0 0 0 0 1 1 1 0   4.0
0 0 1 0 0 0 1 0 1 1   1.0
2 1 1 1 0 1 0 1 1 0   19.0
2 1 0 1 0 0 1 1 1 1   19.0
0 1 0 0 0 0 1 0 1 0   16.0
2 1 1 0 1 1 1 0 1 1   6.0
1 1 0 1 1 1 0 0 1 0   13.0
2 1 1 0 1 1 0 0 1 1   3.0
2 1 1 1 1 1 0 1 1 0   6.0
2 1 1 1 1 0 1 0 1 0   9.0
1 1 1 1 1 0 1 0 1 1   5.0
2 1 0 1 1 1 1 0 1 1   2.0
1 1 0 0 0 1 1 1 1 0   16.0
0 1 1 0 0 1 0 0 0 0   5.0
1 1 1 0 0 1 1 1 0 0   16.0
1 0 0 1 1 1 1 1 0 0   2.0
0 1 0 0 0 0 1 1 1 1   9.0
1 1 0 0 0 1 0 1 0 0   16.0
1 0 0 1 1 1 0 0 1 1   3.0
2 1 0 0 0 0 1 1 1 1   10.0
2 1 1 0 1 1 0 1 0 1   3.0
0 1 0 0 1 1 0 1 1 0   4.0
2 1 1 1 1 0 1 0 0 1   4.0
1 1 1 1 1 1 1 0 1 0   13.0
2 1 0 1 0 1 0 0 0 0   5.0
0 1 1 1 0 1 0 0 0 0   2.0
2 1 1 1 1 0 0 1 1 1   10.0
0 1 0 0 0 1 0 0 0 1   3.0
2 1 1 1 1 1 1 0 0 0   8.0
1 1 1 0 0 0 0 1 0 1   6.0
1 1 1 1 0 0 0 0 1 1   2.0
2 0 1 1 1 1 1 1 0 1   5.0
1 1 1 0 0 1 1 0 0 0   8.0
0 1 0 0 1 0 1 1 0 0   18.0
0 1 0 1 1 0 1 0 0 0   25.0
1 0 1 1 1 1 0 0 0 1   3.0
2 1 0 1 0 0 0 1 0 1   5.0
1 1 1 0 1 1 0 0 0 0   12.0
1 1 1 0 1 0 0 0 1 0   5.0
2 1 0 1 0 0 0 0 0 1   8.0
1 1 1 1 1 0 1 0 0 1   2.0
0 1 0 0 1 1 1 0 0 1   1.0
1 0 0 0 1 1 0 1 1 1   3.0
1 1 1 1 0 0 0 1 1 1   10.0
0 1 1 1 0 0 1 0 1 0   8.0
2 1 0 1 0 0 1 1 1 0   20.0
1 1 1 1 1 1 0 1 1 0   52.0
2 0 1 1 0 1 0 0 0 1   2.0
2 1 1 0 1 1 1 0 1 0   6.0
1 1 0 0 1 0 0 0 1 0   5.0
1 1 1 0 0 1 0 0 1 1   3.0
2 1 1 1 0 1 0 1 0 0   20.0
0 1 1 0 0 1 0 0 1 1   3.0
0 0 0 1 0 1 1 1 0 1   1.0
2 1 1 1 1 1 1 1 0 0   14.0
2 1 0 1 0 0 1 0 0 0   5.0
1 0 1 0 0 1 0 1 1 1   1.0
1 1 1 1 0 1 0 0 0 1   10.0
2 1 1 1 0 0 1 0 1 1   11.0
2 1 0 1 1 1 1 1 0 1   14.0
1 1 1 0 0 0 0 1 0 0   2.0
0 1 1 0 1 1 1 1 0 0   2.0
1 1 1 1 1 0 0 1 0 0   14.0
0 1 0 1 1 0 1 1 1 1   27.0
2 1 1 0 1 1 0 1 1 1   7.0
1 1 1 0 1 0 1 0 0 1   1.0
1 1 1 1 0 0 1 1 1 1   6.0
1 0 1 0 1 0 0 0 0 1   1.0
1 1 0 0 1 0 1 1 1 0   10.0
2 1 1 0 0 1 1 1 1 0   14.0
1 1 0 1 1 1 0 0 0 0   16.0
1 0 0 1 1 1 1 0 1 1   3.0
0 0 0 1 1 0 1 1 0 1   8.0
1 1 0 1 0 1 1 0 0 0   6.0
0 0 0 1 1 0 1 0 0 1   6.0
1 1 0 1 1 0 1 0 1 0   4.0
2 1 1 1 0 1 0 1 1 1   21.0
0 1 0 0 1 1 1 0 1 0   2.0
2 1 0 0 0 1 0 0 0 1   4.0
1 0 0 1 0 1 0 0 1 1   1.0
0 1 1 1 0 0 0 1 1 0   15.0
2 1 1 0 1 1 1 0 0 1   4.0
2 1 1 0 1 1 0 1 0 0   4.0
2 1 1 1 0 1 1 1 0 1   29.0
1 0 0 0 0 1 0 1 1 0   1.0
1 0 1 1 1 1 0 1 0 0   2.0
1 1 0 1 0 0 0 0 0 0   1.0
1 1 1 0 0 1 1 0 0 1   6.0
1 0 1 1 0 1 0 1 1 1   1.0
2 1 1 1 0 1 1 0 1 1   17.0
2 1 1 1 0 0 1 0 1 0   12.0
2 1 1 0 0 0 0 1 0 1   15.0
0 0 1 0 1 0 0 1 1 1   2.0
2 1 0 1 1 1 1 0 1 0   6.0
1 1 0 1 0 0 0 1 0 1   5.0
2 1 1 1 1 0 0 0 0 1   7.0
0 1 1 1 1 0 1 1 1 0   18.0
0 1 1 0 1 0 1 1 0 1   19.0
2 0 1 1 1 1 0 1 0 1   2.0
0 0 0 0 1 0 1 1 1 1   3.0
1 1 0 0 1 1 0 0 1 0   13.0
2 1 1 1 1 1 1 0 0 1   3.0
0 1 1 1 1 1 0 1 0 0   4.0
1 1 0 1 0 1 1 0 1 0   9.0
2 0 0 0 1 1 1 0 0 1   1.0
0 1 1 1 1 1 0 0 1 1   5.0
2 1 0 1 1 1 0 0 0 1   3.0
1 1 1 0 0 1 0 0 0 0   3.0
2 1 1 1 1 1 1 1 1 0   9.0
2 1 0 1 0 0 1 0 0 1   10.0
0 0 1 0 1 0 1 1 1 1   4.0
1 1 1 0 0 0 0 0 1 1   2.0
1 0 0 1 1 1 0 1 0 0   3.0
1 1 1 0 1 0 0 1 0 0   11.0
2 1 1 0 0 0 0 1 1 0   11.0
1 0 1 0 1 1 0 0 0 1   3.0
1 1 1 0 0 1 0 1 0 1   18.0
2 0 1 0 0 0 1 1 0 1   1.0
1 1 1 0 1 0 1 1 1 0   6.0
1 0 1 1 0 0 0 1 0 1   2.0
0 1 0 0 1 1 0 0 1 1   9.0
2 1 0 0 1 1 1 0 1 1   7.0
1 1 1 0 1 1 1 0 1 0   7.0
0 1 1 0 0 1 0 1 1 1   1.0
2 0 1 0 0 0 0 0 0 0   1.0
0 1 0 0 1 1 0 1 0 1   6.0
0 1 0 0 1 1 1 1 0 1   2.0
2 1 1 0 0 0 0 1 0 0   6.0
1 1 0 0 0 0 1 0 0 1   2.0
2 1 0 0 1 0 0 0 1 0   1.0
2 1 0 0 1 0 0 1 1 0   5.0
2 1 1 0 1 0 1 1 1 1   11.0
1 0 0 1 1 1 0 1 1 1   2.0
2 1 1 0 0 0 1 1 0 0   20.0
2 0 1 1 1 0 1 1 0 0   2.0
1 1 0 0 0 0 1 1 1 1   5.0
1 1 0 0 1 0 0 1 1 0   8.0
2 0 0 1 0 1 1 1 0 1   3.0
2 1 0 0 0 1 0 1 1 0   5.0
1 0 1 1 1 1 0 1 0 1   7.0
1 1 1 0 0 1 0 0 1 0   6.0
1 1 0 0 1 1 1 0 1 1   9.0
2 0 1 1 1 0 1 1 0 1   3.0
1 1 0 1 1 0 0 1 1 1   6.0
0 0 0 0 1 0 0 0 0 1   2.0
2 1 1 0 0 0 0 0 1 0   3.0
1 1 0 1 1 1 1 0 1 1   17.0
2 1 1 0 1 0 1 1 0 1   3.0
1 1 0 0 0 0 1 1 0 0   6.0
2 1 0 0 0 1 1 0 1 0   7.0
1 1 0 1 0 0 1 1 0 0   5.0
0 1 1 0 1 1 1 0 1 1   3.0
0 1 1 1 1 0 1 1 1 1   20.0
0 1 0 1 1 1 0 0 1 1   3.0
0 0 1 0 1 0 1 0 0 0   1.0
1 1 0 1 0 0 1 0 0 0   1.0
1 0 0 0 0 1 0 0 0 0   1.0
2 1 1 0 0 1 0 0 0 1   7.0
1 1 1 0 1 0 1 1 0 1   10.0
2 0 0 0 1 1 0 1 0 1   1.0
1 0 1 1 1 1 0 1 1 0   3.0
1 1 0 0 0 1 1 0 0 1   7.0
1 1 0 1 1 0 0 0 1 0   1.0
0 0 0 0 0 1 1 1 0 0   1.0
0 1 1 0 1 1 0 0 1 1   5.0
0 1 0 0 0 1 1 1 1 1   1.0
2 1 1 1 1 0 1 1 0 0   12.0
2 1 1 1 1 1 0 0 0 0   2.0
0 1 0 1 1 1 1 0 1 0   3.0
0 1 0 0 0 1 1 0 0 0   1.0
1 1 0 1 0 1 1 0 0 1   10.0
1 1 0 1 0 0 0 1 0 0   3.0
1 1 1 1 1 0 0 1 0 1   9.0
0 1 0 0 1 1 0 0 0 0   3.0
1 0 1 0 1 1 1 1 1 1   2.0
0 1 0 0 0 1 1 0 0 1   4.0
0 1 1 1 0 1 1 1 0 0   1.0
2 1 1 0 0 0 1 0 0 1   7.0
0 1 1 0 1 0 1 0 1 0   14.0
2 1 0 1 1 0 1 0 0 0   3.0
0 1 1 1 1 1 0 1 1 1   7.0
1 0 0 1 0 1 0 0 0 1   2.0
0 1 1 0 0 1 1 0 1 1   2.0
1 1 0 1 0 0 1 0 1 0   4.0
0 0 1 1 1 0 0 0 0 0   1.0
0 1 1 0 0 1 0 0 0 1   3.0
0 1 0 0 0 1 0 1 1 0   2.0
0 1 1 1 0 1 0 1 0 0   5.0
0 1 1 1 0 0 1 0 1 1   9.0
2 1 0 1 0 1 1 0 1 0   5.0
0 1 0 0 0 0 1 1 0 1   8.0
1 1 0 0 0 1 1 0 1 1   4.0
0 1 1 1 1 1 1 0 1 1   3.0
0 0 1 0 1 0 1 1 0 1   5.0
1 1 1 1 0 1 0 0 0 0   5.0
1 1 0 0 0 0 0 1 1 0   3.0
2 1 1 1 1 0 0 1 1 0   6.0
1 1 0 0 1 0 1 0 1 0   2.0
2 1 0 1 1 0 0 0 0 1   4.0
2 1 0 0 1 1 1 0 0 1   2.0
0 1 1 1 1 1 0 1 0 1   6.0
1 0 1 1 0 0 0 0 1 1   1.0
1 1 0 0 0 1 1 0 0 0   5.0
2 1 0 1 1 0 0 1 1 1   6.0
2 0 1 0 1 1 1 0 1 0   1.0
0 1 1 1 1 1 0 1 1 0   4.0
1 1 0 1 0 0 1 1 1 1   4.0
0 1 0 0 0 1 0 0 1 1   3.0
1 1 0 1 1 0 0 0 0 1   5.0
2 1 0 0 1 0 1 1 1 1   5.0
1 1 1 0 0 0 1 1 1 1   3.0
0 0 1 1 1 1 1 1 0 0   1.0
1 1 0 1 1 0 1 0 1 1   2.0
0 0 1 0 1 1 1 1 0 1   1.0
0 0 1 0 1 0 0 1 1 0   1.0
0 1 0 1 1 1 1 1 0 0   3.0
1 1 0 0 1 1 0 0 0 0   5.0
0 1 1 1 0 1 0 0 1 1   5.0
0 0 0 0 0 0 1 1 1 1   3.0
0 1 0 1 0 1 0 1 0 0   1.0
1 1 0 1 1 0 0 1 0 0   4.0
2 1 0 0 1 1 0 0 1 0   2.0
2 0 1 1 0 0 1 1 0 1   1.0
2 0 1 1 1 0 0 1 1 1   1.0
0 1 0 1 1 1 0 1 1 1   7.0
2 1 1 1 1 1 1 0 1 1   5.0
0 1 1 1 0 1 1 1 1 0   3.0
0 1 1 1 0 1 0 1 0 1   5.0
2 1 1 0 1 0 0 1 1 1   5.0
2 1 0 1 1 0 0 1 1 0   5.0
1 1 0 1 1 0 0 0 0 0   1.0
1 0 0 0 1 0 0 1 0 1   1.0
2 0 1 0 1 0 0 1 0 1   2.0
1 1 0 1 1 1 0 0 0 1   20.0
0 1 0 0 0 1 0 1 0 0   4.0
1 1 1 1 1 0 0 0 0 1   2.0
2 0 1 1 0 0 1 0 0 1   1.0
2 0 1 1 0 1 0 1 1 1   1.0
2 1 0 0 1 1 0 0 0 0   2.0
1 0 1 1 0 1 1 1 0 1   1.0
0 0 1 0 1 1 0 1 0 1   1.0
0 0 0 1 1 0 1 1 0 0   5.0
2 1 1 0 1 0 0 1 0 1   4.0
2 0 1 0 0 1 1 1 1 1   1.0
0 1 0 1 1 1 0 0 1 0   2.0
0 0 1 1 1 0 1 0 0 0   5.0
2 1 1 0 1 0 0 0 1 0   2.0
0 0 0 0 0 0 1 0 1 0   1.0
0 1 1 1 1 1 1 0 0 1   7.0
2 1 0 0 0 1 0 1 0 0   6.0
0 0 0 0 1 0 1 1 1 0   4.0
1 1 0 0 1 0 0 1 0 1   6.0
0 1 0 1 0 0 1 1 0 0   6.0
2 1 1 0 1 1 0 0 1 0   1.0
0 0 0 0 0 0 1 0 0 1   4.0
2 1 1 1 1 1 0 1 0 0   8.0
2 1 1 1 0 0 0 0 0 0   6.0
0 0 0 1 0 0 1 1 1 1   2.0
2 1 0 0 1 0 1 1 0 0   3.0
0 0 0 0 1 0 1 1 0 0   1.0
2 1 0 0 0 1 0 1 0 1   10.0
2 0 1 0 0 0 1 0 1 1   1.0
2 1 1 0 1 0 1 0 1 1   2.0
0 1 1 0 1 1 1 1 1 0   1.0
0 1 1 0 0 0 1 1 0 0   9.0
1 1 1 1 1 0 1 0 0 0   3.0
0 1 0 1 0 1 0 1 0 1   2.0
0 0 1 0 0 0 1 1 1 1   1.0
0 0 1 1 1 0 1 0 0 1   1.0
2 1 1 0 1 0 0 0 0 0   1.0
1 1 1 1 1 0 1 0 1 0   4.0
2 0 0 1 1 0 0 1 1 1   1.0
1 1 1 0 1 0 1 0 1 0   3.0
0 1 1 0 0 1 0 1 0 0   2.0
1 1 1 1 1 0 0 0 1 1   5.0
0 0 0 1 0 0 0 1 1 1   4.0
0 0 1 0 0 1 0 1 1 0   1.0
1 0 0 0 0 1 0 1 0 1   2.0
0 0 0 0 0 0 1 1 0 0   2.0
1 1 0 0 0 0 0 0 1 0   2.0
1 0 0 1 0 1 0 1 0 1   2.0
0 0 1 0 1 0 1 1 1 0   1.0
1 0 1 0 1 0 0 0 0 0   1.0
2 1 1 1 1 1 0 0 0 1   3.0
2 1 0 1 1 1 0 1 0 0   3.0
2 1 0 1 1 1 0 0 1 0   2.0
1 0 0 0 0 1 0 0 1 1   1.0
1 1 0 0 0 1 0 0 1 1   5.0
1 1 0 0 0 0 0 0 1 1   1.0
1 1 0 0 0 0 1 1 0 1   6.0
1 0 1 0 0 1 0 1 0 1   1.0
1 0 1 1 1 1 0 1 1 1   3.0
0 0 1 0 0 0 1 0 0 1   3.0
0 0 1 1 1 0 0 1 0 1   1.0
0 0 0 0 0 0 0 1 0 1   1.0
2 0 1 0 1 0 1 0 0 1   1.0
2 1 0 0 1 1 1 0 0 0   5.0
2 0 1 0 0 1 1 0 1 1   1.0
0 0 1 1 1 0 1 1 1 1   4.0
1 1 0 0 0 1 1 0 1 0   3.0
2 1 1 0 0 1 0 1 1 1   13.0
1 0 1 1 1 1 0 0 1 1   3.0
0 1 1 1 1 1 0 0 1 0   7.0
2 0 0 0 1 0 1 0 1 1   1.0
0 0 1 0 0 0 1 1 0 1   2.0
0 1 1 1 1 1 1 1 1 0   2.0
1 0 0 0 0 1 0 1 1 1   2.0
2 1 0 0 1 1 1 0 1 0   2.0
1 1 1 0 0 0 0 0 0 1   1.0
2 0 0 0 1 1 1 1 1 1   1.0
2 0 1 1 0 1 1 0 1 1   2.0
2 1 1 0 0 1 0 0 1 0   3.0
0 1 0 1 1 1 1 0 0 1   3.0
1 0 0 1 0 1 0 1 1 0   1.0
1 0 0 0 1 1 1 0 1 1   2.0
0 1 1 1 0 1 1 0 0 0   3.0
0 1 0 1 1 1 1 1 1 0   2.0
0 1 1 1 0 1 0 1 1 1   2.0
1 0 1 0 1 1 0 0 1 0   2.0
1 0 1 1 0 1 0 1 0 1   3.0
0 1 1 0 0 1 1 1 0 0   2.0
0 1 1 1 0 1 1 1 0 1   2.0
2 0 0 0 1 1 1 1 0 1   1.0
1 0 1 1 1 0 0 0 0 0   1.0
2 0 0 0 0 0 0 1 0 1   1.0
2 1 1 1 1 0 0 0 1 1   3.0
0 0 1 1 0 1 1 0 0 1   1.0
1 1 1 1 0 0 1 1 0 0   1.0
0 0 0 0 1 0 1 0 0 1   2.0
2 0 0 1 0 0 1 1 0 1   1.0
1 0 1 0 1 1 0 1 0 0   1.0
2 1 0 1 0 0 1 0 1 1   8.0
2 0 1 1 1 0 1 0 1 1   1.0
0 0 0 0 0 0 1 1 0 1   2.0
1 1 1 1 0 0 0 1 0 0   5.0
2 1 0 1 0 0 0 0 1 1   3.0
0 0 1 1 0 0 1 0 1 1   1.0
2 1 0 1 0 0 1 0 1 0   3.0
2 0 0 1 0 0 0 1 1 0   2.0
2 1 0 0 1 1 0 0 1 1   3.0
1 0 1 0 1 1 0 1 0 1   4.0
2 1 1 1 1 0 0 0 0 0   2.0
1 1 0 1 0 0 1 1 0 1   9.0
1 0 1 1 1 0 0 0 0 1   2.0
1 0 0 0 1 0 0 0 1 0   1.0
2 1 1 0 1 0 0 0 1 1   1.0
1 1 1 1 0 0 1 1 1 0   4.0
1 1 0 0 1 0 1 0 0 0   3.0
1 0 0 1 1 1 1 1 0 1   1.0
2 1 0 0 0 1 0 0 1 0   2.0
2 1 1 0 1 0 1 1 0 0   1.0
0 1 1 0 0 1 1 0 0 0   1.0
0 1 0 1 0 1 1 1 1 1   2.0
1 1 0 1 1 0 1 0 0 1   2.0
1 0 1 1 1 1 1 0 1 1   1.0
1 1 0 1 0 0 1 1 1 0   3.0
0 0 0 1 1 0 1 0 1 1   3.0
1 1 0 1 1 0 1 0 0 0   2.0
0 1 1 1 0 1 1 1 1 1   1.0
0 0 0 1 1 0 1 0 1 0   1.0
2 1 1 0 1 0 0 0 0 1   4.0
2 1 0 0 1 0 1 1 0 1   6.0
0 0 0 1 0 0 0 1 0 1   2.0
0 1 0 0 1 1 0 0 1 0   2.0
2 0 0 0 0 1 1 1 1 0   1.0
0 0 1 1 0 0 0 0 0 1   1.0
1 0 0 0 1 1 1 1 1 1   1.0
2 1 0 1 0 0 0 0 0 0   3.0
0 0 0 1 1 0 1 1 1 1   4.0
0 1 0 1 1 1 1 0 0 0   2.0
0 0 0 1 1 0 1 1 1 0   3.0
0 1 0 1 1 1 0 1 1 0   6.0
0 1 0 0 1 1 1 1 1 1   2.0
1 0 1 0 1 1 0 1 1 1   2.0
0 1 1 1 0 1 1 0 1 1   2.0
1 0 1 1 1 0 1 1 0 1   1.0
2 0 0 1 0 0 0 0 0 1   1.0
1 0 1 0 1 0 0 0 1 1   1.0
2 0 0 1 0 0 0 0 1 0   1.0
2 0 1 0 1 0 0 0 1 1   1.0
0 1 1 1 1 1 1 1 1 1   1.0
2 1 0 0 0 1 1 0 0 0   5.0
2 1 1 0 1 1 0 0 0 0   1.0
0 0 0 1 1 0 0 1 1 1   1.0
0 0 1 1 1 0 0 0 1 1   1.0
1 0 1 0 1 1 1 1 0 1   1.0
1 1 1 0 0 0 0 0 1 0   1.0
1 1 1 0 0 0 1 0 0 1   1.0
2 1 0 0 1 1 0 0 0 1   1.0
1 1 0 0 1 0 1 0 1 1   1.0
2 1 1 1 1 0 0 0 1 0   2.0
0 1 1 0 1 1 0 0 0 0   2.0
2 0 0 1 1 0 1 1 1 1   1.0
1 0 1 0 0 1 0 1 1 0   1.0
1 1 1 0 0 1 0 0 0 1   2.0
0 0 1 0 0 0 0 1 0 1   1.0
0 1 1 1 0 1 1 0 1 0   2.0
1 0 0 1 0 1 1 1 1 1   1.0
2 0 0 1 0 0 0 0 0 0   1.0
0 0 1 1 0 0 1 1 1 0   1.0
1 0 0 0 1 1 0 0 0 1   1.0
0 1 1 0 1 1 0 1 0 1   3.0
1 0 0 1 1 1 1 1 1 0   2.0
1 0 0 1 0 1 0 0 1 0   2.0
1 1 1 1 0 0 1 0 0 0   1.0
0 0 0 1 0 0 1 1 0 0   1.0
0 1 1 1 0 1 0 1 1 0   1.0
1 0 0 1 1 0 0 0 0 1   1.0
1 0 0 0 0 1 1 0 0 1   1.0
2 1 0 1 0 0 0 0 1 0   2.0
2 1 1 0 0 1 0 0 0 0   1.0
0 0 0 0 1 0 0 1 0 1   1.0
2 0 1 1 0 1 0 1 1 0   2.0
1 0 1 1 0 1 0 0 1 0   1.0
2 0 0 1 0 1 1 0 0 1   2.0
1 0 1 0 1 1 0 0 1 1   2.0
0 0 1 0 0 0 1 1 0 0   2.0
0 0 1 1 0 0 0 0 1 0   1.0
0 1 1 1 0 1 0 0 0 1   1.0
1 1 1 0 1 0 1 0 0 0   3.0
0 1 0 1 1 1 0 1 0 0   1.0
0 1 1 0 0 1 1 0 0 1   1.0
1 1 1 1 0 0 1 0 1 0   1.0
1 0 0 1 1 0 0 0 1 1   1.0
2 0 0 0 1 0 0 1 1 1   1.0
2 0 0 1 0 0 1 0 1 0   1.0
1 1 0 1 1 0 0 0 1 1   1.0
2 0 0 0 0 1 1 1 1 1   2.0
2 1 1 0 1 1 1 0 0 0   1.0
1 0 1 0 0 1 0 0 0 1   1.0
0 0 1 1 0 0 0 0 1 1   1.0
1 1 1 0 1 0 0 0 0 1   1.0
1 1 0 0 0 0 1 0 1 1   1.0
2 1 1 0 1 0 1 0 0 1   1.0
0 0 0 0 1 0 0 0 1 1   1.0
0 1 0 0 0 1 0 1 1 1   1.0
1 0 1 0 1 1 1 0 1 1   1.0
2 1 0 0 0 1 0 0 0 0   1.0
0 0 1 1 0 0 1 1 1 1   2.0
0 1 1 0 1 1 1 0 1 0   1.0
1 0 1 0 1 1 0 1 1 0   1.0
0 0 0 0 1 0 0 1 0 0   1.0
0 0 0 0 1 1 1 0 1 0   1.0
1 1 1 1 0 0 0 0 0 0   2.0
2 0 0 1 0 1 1 0 0 0   1.0
1 1 0 0 0 0 1 0 0 0   1.0
1 1 1 0 0 0 1 0 1 0   1.0
1 1 0 1 0 0 0 0 1 0   2.0
1 1 1 1 0 0 0 0 0 1   1.0
1 0 0 0 0 1 1 0 1 0   1.0
0 0 1 1 0 1 1 1 0 1   1.0
1 1 1 1 0 0 0 0 1 0   1.0
2 0 1 1 1 1 1 1 0 0   1.0
1 0 1 1 0 1 0 1 1 0   2.0
1 0 0 0 1 1 0 1 0 1   2.0
2 0 1 0 0 1 0 0 1 1   1.0
1 0 1 1 0 1 1 1 1 0   1.0
2 1 0 0 1 0 0 0 1 1   1.0
1 0 1 1 1 1 1 0 1 0   1.0
0 1 0 1 0 1 1 1 0 0   1.0
0 1 0 0 0 1 0 0 0 0   1.0
0 0 1 1 1 0 1 0 1 1   1.0
2 1 0 0 1 0 0 0 0 0   1.0
1 0 1 0 1 1 1 1 1 0   1.0
1 0 0 1 1 1 0 0 0 0   1.0
2 0 1 1 0 1 1 0 0 1   1.0
2 0 1 0 0 0 1 0 0 0   1.0
0 0 0 0 1 0 1 0 1 0   1.0
1 0 0 1 0 1 1 0 1 1   1.0
1 0 0 0 0 0 0 0 0 1   1.0
2 0 0 0 0 1 1 1 0 1   1.0
2 1 1 0 1 0 0 1 1 0   1.0
0 0 0 1 0 0 1 0 0 1   1.0
2 1 1 0 0 0 0 0 0 1   2.0
0 0 1 1 1 0 0 1 0 0   2.0
0 1 0 0 1 1 1 1 1 0   2.0
2 1 1 0 1 0 1 0 1 0   1.0
0 0 1 1 0 0 0 1 1 0   1.0
1 0 1 1 1 0 0 1 1 1   1.0
2 0 0 1 0 1 1 1 1 0   1.0
0 1 0 0 1 1 0 1 0 0   1.0
0 0 1 0 1 1 1 0 1 1   1.0
2 1 0 0 1 0 1 0 1 0   1.0
0 1 0 0 0 1 1 0 1 0   1.0
2 0 1 0 0 1 1 1 0 1   1.0
1 1 1 1 1 0 0 0 1 0   1.0
2 0 1 1 0 0 1 1 1 1   1.0
0 0 1 1 1 1 1 0 1 1   1.0
1 0 0 1 1 0 0 1 1 1   1.0
2 0 0 1 1 0 1 1 0 1   1.0
1 0 0 1 0 1 1 0 0 0   1.0
0 1 0 0 0 1 1 1 1 0   1.0
2 0 1 0 0 1 1 1 1 0   1.0
2 0 1 0 0 1 1 0 0 1   1.0
0 1 1 1 0 1 0 0 1 0   1.0
2 0 1 0 0 0 0 1 0 1   1.0
0 0 0 1 0 0 1 0 1 1   1.0
0 1 0 0 0 1 0 1 0 1   1.0
1 1 0 1 0 0 0 1 1 1   1.0
1 0 0 0 1 0 0 1 1 1   1.0
1 1 1 0 0 0 1 0 0 0   1.0
2 0 1 1 0 1 0 0 1 1   1.0
0 0 0 0 1 1 1 1 0 0   1.0
2 0 0 1 0 1 0 0 0 0   1.0
1 0 1 1 0 1 0 0 0 1   1.0
1 1 1 0 1 0 1 0 1 1   1.0
1 0 0 0 1 1 0 0 1 1   1.0
1 0 1 0 0 0 0 0 0 1   1.0
0 0 1 1 1 0 0 1 1 1   1.0
